$ 1 0.000005 10.20027730826997 50 5 50 5e-11
f 288 176 288 224 32 1.5 0.02
t 432 272 480 272 0 1 0 0 100 default
t 288 384 336 384 0 1 -4.999999900550001 1.3769999729675786e-8 100 default
t 432 112 480 112 0 -1 4.999999900550001 -9.94499993467457e-8 100 default
r 224 224 224 176 0 10000
r 352 224 352 176 0 10000
r 432 112 368 112 0 2700
r 368 112 368 48 0 5600
r 288 384 224 384 0 2700
r 432 272 368 272 0 2700
w 160 224 224 224 0
w 224 224 272 224 0
w 224 176 288 176 0
w 304 224 352 224 0
w 352 176 352 48 0
w 368 48 352 48 0
w 480 96 480 48 0
w 480 48 368 48 0
w 336 400 480 400 0
w 480 288 480 400 0
w 336 368 352 240 0
w 352 240 368 240 0
w 368 112 368 240 0
w 368 272 160 272 0
w 224 176 224 32 0
w 352 48 304 48 0
g 480 400 480 432 0 0
R 112 16 48 16 0 0 40 3.3 0 0 0.5
R 304 16 256 16 0 0 40 5 0 0 0.5
w 112 16 224 16 0
w 224 16 224 32 0
w 304 48 304 16 0
w 352 224 480 224 0
w 480 224 560 224 0
w 480 128 480 224 0
w 480 256 480 224 0
M 96 208 64 208 0 2.5
L 96 240 64 240 0 0 false 5 0
L 160 272 128 272 0 0 false 5 0
L 224 384 192 384 0 0 false 5 0
S 160 224 96 224 0 1 false 0 2
S 560 224 624 224 0 1 false 0 2
L 624 240 656 240 0 0 false 5 0
M 624 208 656 208 0 2.5
