$ 1 0.000005 2.008553692318767 62 5 50 5e-11
f 288 176 288 224 32 1.5 0.02
t 432 272 480 272 0 1 -0.0002335249726552677 3.05727027862179e-12 100 default
t 288 384 336 384 0 1 -0.00022234266546576967 2.911372148276665e-12 100 default
t 432 112 480 112 0 -1 -0.000011182307188448631 -1.162507549533516e-11 100 default
r 224 224 224 176 0 10000
r 352 224 352 176 0 12000
r 432 112 368 112 0 2700
r 368 112 368 48 0 5600
r 288 384 224 384 0 2700
r 432 272 368 272 0 2700
w 160 224 224 224 0
w 224 224 272 224 0
w 224 176 288 176 0
w 304 224 352 224 0
w 352 176 352 48 0
w 368 48 352 48 0
w 480 96 480 48 0
w 480 48 368 48 0
w 336 400 480 400 0
w 480 288 480 400 0
w 336 368 352 240 0
w 352 240 368 240 0
w 368 112 368 240 0
w 368 272 160 272 0
w 352 48 304 48 0
g 480 400 480 432 0 0
R 112 16 48 16 0 0 40 3.3 0 0 0.5
w 112 16 224 16 0
w 224 16 224 32 0
w 304 48 304 16 0
w 352 224 480 224 0
w 480 224 560 224 0
w 480 128 480 224 0
w 480 256 480 224 0
M 96 208 64 208 0 2.5
L 96 240 64 240 0 0 false 3.3 0
L 160 272 128 272 0 0 false 5 0
L 224 384 192 384 0 0 false 5 0
S 160 224 96 224 0 1 false 0 2
S 560 224 624 224 0 0 false 0 2
L 624 240 656 240 0 1 false 5 0
M 624 208 656 208 0 2.5
L -192 128 -240 128 0 0 false 3.3 0
g 48 -80 48 -48 0 0
w 48 -176 48 -304 0
w -16 -368 32 -368 0
w -16 -304 48 -304 0
r -16 -368 -16 -304 0 0.001
f 48 -304 48 -368 41 1.5 0.02
w 304 -16 304 16 0
w 208 -368 304 -16 0
w 48 -144 48 -80 0
p 752 80 752 368 3 0 0 10000000
w 752 80 480 48 0
w 752 368 480 400 0
f -640 -304 -640 -368 41 1.5 0.02
r -720 -368 -720 -304 0 820
w -720 -368 -864 -368 0
w -720 -368 -656 -368 0
w -720 -304 -640 -304 0
w -640 -304 -640 -240 0
r -832 -96 -736 -96 0 2200
w -640 -80 -640 -16 0
t -736 -96 -640 -96 0 1 -4.999999980416001 1.1219999955714023e-8 100 default
w -640 -112 -640 -240 0
g -640 -16 -640 16 0 0
L -832 -96 -880 -96 0 0 false 3.3 0
R -864 -368 -928 -368 0 0 40 5 0 0 0.5
w -640 -16 -464 -32 0
w -464 -368 -144 -368 0
r -464 -368 -464 -32 0 1000
p 560 224 480 400 3 0 0 10000000
w 224 80 224 32 0
r 0 96 96 96 0 2200
w -624 -368 -464 -368 0
w 224 112 224 176 0
w -144 -368 48 -464 0
w 48 -464 208 -368 0
t 96 96 224 96 0 -1 3.062605632665706 -0.2368647180411001 100 default
t -128 128 -64 128 0 1 -3.063135261082207 6.958897573629852e-9 100 default
w -64 112 0 96 0
g -64 144 -64 192 0 0
r -192 128 -128 128 0 2200
