$ 1 0.000005 2.008553692318767 62 5 50 5e-11
f 288 176 288 224 32 1.5 0.02
t 432 272 480 272 0 1 -0.000006257026028758005 8.220201984905524e-14 100 default
t 288 384 336 384 0 1 0.6075331403650444 0.6254392893157232 100 default
t 432 112 480 112 0 -1 0.017899891739776342 0.01519660574412148 100 default
r 224 224 224 176 0 10000
r 352 224 352 176 0 12000
r 432 112 368 112 0 2700
r 368 112 368 48 0 5600
r 288 384 224 384 0 2700
r 432 272 368 272 0 2700
w 80 224 128 224 0
w 224 224 272 224 0
w 224 176 288 176 0
w 304 224 352 224 0
w 352 176 352 48 0
w 368 48 352 48 0
w 480 96 480 48 0
w 480 48 368 48 0
w 336 400 480 400 0
w 480 288 480 400 0
w 336 368 352 240 0
w 352 240 368 240 0
w 368 112 368 240 0
w 368 272 272 272 0
w 352 48 304 48 0
g 480 400 480 432 0 0
R 112 16 48 16 0 0 40 3.3 0 0 0.5
w 112 16 224 16 0
w 224 16 224 32 0
w 304 48 304 16 0
w 352 224 480 224 0
w 480 224 560 224 0
w 480 128 480 224 0
w 480 256 480 224 0
M 16 208 -16 208 0 2.5
L 16 240 -16 240 0 0 false 3.3 0
L 272 272 240 272 0 0 false 5 0
L 224 384 192 384 0 1 false 5 0
S 80 224 16 224 0 0 false 0 2
S 560 224 624 224 0 0 false 0 2
L 624 240 656 240 0 0 false 5 0
M 624 208 656 208 0 2.5
L -192 128 -240 128 0 0 false 3.3 0
w 304 -16 304 16 0
p 752 80 752 368 3 0 0 10000000
w 752 80 480 48 0
w 752 368 480 400 0
f -128 -176 -128 -240 41 1.5 0.02
r -208 -240 -208 -176 0 820
w -208 -240 -352 -240 0
w -208 -240 -144 -240 0
w -208 -176 -128 -176 0
w -128 -176 -128 -112 0
r -320 -96 -224 -96 0 2200
t -224 -96 -128 -96 0 1 -4.999999980416001 1.1219999955714023e-8 100 default
g -128 -80 -128 -48 0 0
L -320 -96 -368 -96 0 0 false 3.3 0
R -352 -240 -416 -240 0 0 40 5 0 0 0.5
p 560 224 480 400 3 0 0 10000000
w 224 80 224 32 0
r 0 96 96 96 0 2200
w -112 -240 -32 -240 0
w 224 112 224 176 0
t -128 128 -64 128 0 1 -2.030589632695e-312 0 100 default
w -64 112 0 96 0
g -64 144 -64 192 0 0
r -192 128 -128 128 0 2200
r -32 -240 -32 -80 0 1000
w -32 -80 -128 -80 0
w -32 -240 288 -240 0
w 304 -16 304 -240 0
w 304 -240 288 -240 0
p 128 224 128 400 3 0 0 10000000
g 128 400 128 432 0 0
w 128 224 224 224 0
w 224 80 224 112 0
